24 04 31 A5 F1 00 
24 03 32 00 00 
24 03 32 02 00 
24 03 32 04 00 
24 03 32 06 00 
24 03 32 08 00 
24 03 32 0A 00 
24 03 32 0C 00 
24 03 32 0E 00 
24 03 32 10 00 
24 03 32 12 00 
24 03 32 14 00 
24 03 32 16 00 
24 03 32 18 00 
24 03 32 1A 00 
24 03 32 1C 00 
24 03 32 1E 00 
24 03 32 20 00 
24 03 32 22 00 
24 03 32 24 00 
24 03 32 26 00 
24 03 32 28 00 
24 03 32 2A 00 
24 03 32 2C 00 
24 03 32 2E 00 
24 03 32 30 00 
24 03 32 32 00 
24 03 32 34 00 
24 03 32 36 00 
24 03 32 38 00 
24 03 32 3A 00 
24 03 32 3C 00 
24 03 32 3E 00 
24 03 32 40 00 
24 03 32 42 00 
24 03 32 44 00 
24 03 32 46 00 
24 03 32 48 00 
24 03 32 4A 00 
24 03 32 4C 00 
24 03 32 4E 00 
24 03 32 50 00 
24 03 32 52 00 
24 03 32 54 00 
24 03 32 56 00 
24 03 32 58 00 
24 03 32 5A 00 
24 03 32 5C 00 
24 03 32 5E 00 
24 03 32 60 00 
24 03 32 62 00 
24 03 32 64 00 
24 03 32 66 00 
24 03 32 68 00 
24 03 32 6A 00 
24 03 32 6C 00 
24 03 32 6E 00 
24 03 32 70 00 
24 03 32 72 00 
24 03 32 74 00 
24 03 32 76 00 
24 03 32 78 00 
24 03 32 7A 00 
24 03 32 7C 00 
24 03 32 7E 00 
24 03 32 80 00 
24 03 32 82 00 
24 03 32 84 00 
24 03 32 86 00 
24 03 32 88 00 
24 03 32 8A 00 
24 03 32 8C 00 
24 03 32 8E 00 
24 03 32 90 00 
24 03 32 92 00 
24 03 32 94 00 
24 03 32 96 00 
24 03 32 98 00 
24 03 32 9A 00 
24 03 32 9C 00 
24 03 32 9E 00 
24 03 32 A0 00 
24 03 32 A2 00 
24 03 32 A4 00 
24 03 32 A6 00 
24 03 32 A8 00 
24 03 32 AA 00 
24 03 32 AC 00 
24 03 32 AE 00 
24 03 32 B0 00 
24 03 32 B2 00 
24 03 32 B4 00 
24 03 32 B6 00 
24 03 32 B8 00 
24 03 32 BA 00 
24 03 32 BC 00 
24 03 32 BE 00 
24 03 32 C0 00 
24 03 32 C2 00 
24 03 32 C4 00 
24 03 32 C6 00 
24 03 32 C8 00 
24 03 32 CA 00 
24 03 32 CC 00 
24 03 32 CE 00 
24 03 32 D0 00 
24 03 32 D2 00 
24 03 32 D4 00 
24 03 32 D6 00 
24 03 32 D8 00 
24 03 32 DA 00 
24 03 32 DC 00 
24 03 32 DE 00 
24 03 32 E0 00 
24 03 32 E2 00 
24 03 32 E4 00 
24 03 32 E6 00 
24 03 32 E8 00 
24 03 32 EA 00 
24 03 32 EC 00 
24 03 32 EE 00 
24 03 32 F0 00 
24 03 32 F2 00 
24 03 32 F4 00 
24 03 32 F6 00 
24 03 32 F8 00 
24 03 32 FA 00 
24 07 34 00 00 FB FF 2D B4 
24 03 36 00 00
